1 0
2 0
3 0
4 0
5 0
5 1
5 2
6 2
7 2
7 3
7 4
7 5
8 5
8 6
9 6
10 6
10 7
10 8
10 9
10 10
10 11
10 12
11 12
11 13
12 13
12 14
13 14
14 14
15 14
15 15
15 16
15 17
16 17
16 18
16 19
17 19
17 20
18 20
19 20
19 21
20 21
20 22
20 23
21 23
22 23
23 23
24 23
24 24
25 24
25 25
26 25
27 25
27 26
27 27
27 28
27 29
27 30
27 31
28 31
28 32
28 33
28 34
28 35
29 35
29 36
29 37
29 38
29 39
29 40
30 40
30 41
31 41
32 41
33 41
34 41
35 41
35 42
36 42
37 42
37 43
38 43
39 43
39 44
40 44
40 45
40 46
41 46
42 46
42 47
43 47
44 47
44 48
45 48
46 48
47 48
47 49
47 50
48 50
49 50
50 50
50 51
51 51
51 52
51 53
52 53
53 53
53 54
54 54
54 55
55 55
56 55
57 55
57 56
57 57
58 57
58 58
58 59
58 60
58 61
58 62
58 63
59 63
59 64
60 64
60 65
60 66
60 67
60 68
60 69
60 70
61 70
62 70
62 71
62 72
63 72
64 72
64 73
65 73
66 73
67 73
68 73
69 73
69 74
70 74
71 74
72 74
73 74
74 74
74 75
75 75
76 75
76 76
77 76
78 76
78 77
78 78
78 79
79 79
79 80
79 81
80 81
81 81
82 81
83 81
84 81
84 82
84 83
85 83
86 83
86 84
86 85
87 85
87 86
87 87
87 88
87 89
87 90
87 91
87 92
87 93
88 93
88 94
89 94
89 95
89 96
89 97
90 97
90 98
90 99
90 100
91 100
92 100
92 101
92 102
92 103
93 103
94 103
95 103
96 103
97 103
98 103
99 103
100 103
100 104
101 104
102 104
103 104
103 105
103 106
104 106
105 106
106 106
107 106
107 107
108 107
109 107
110 107
110 108
110 109
111 109
111 110
111 111
111 112
111 113
111 114
112 114
112 115
113 115
113 116
113 117
113 118
113 119
113 120
113 121
113 122
114 122
114 123
114 124
114 125
115 125
116 125
117 125
117 126
118 126
118 127
119 127
120 127
121 127
121 128
122 128
123 128
124 128
125 128
126 128
127 128
128 128
128 129
128 130
128 131
128 132
129 132
130 132
131 132
131 133
131 134
131 135
132 135
132 136
133 136
133 137
133 138
134 138
134 139
134 140
134 141
134 142
135 142
136 142
137 142
137 143
138 143
138 144
139 144
140 144
141 144
142 144
143 144
144 144
144 145
145 145
146 145
146 146
147 146
148 146
149 146
149 147
149 148
149 149
150 149
150 150
150 151
150 152
150 153
151 153
152 153
152 154
152 155
152 156
153 156
153 157
154 157
155 157
156 157
157 157
158 157
159 157
160 157
161 157
162 157
162 158
162 159
163 159
163 160
163 161
164 161
164 162
165 162
166 162
167 162
168 162
169 162
170 162
170 163
170 164
171 164
172 164
173 164
174 164
175 164
175 165
175 166
176 166
177 166
177 167
178 167
178 168
179 168
180 168
181 168
182 168
183 168
184 168
184 169
185 169
186 169
187 169
188 169
188 170
189 170
189 171
189 172
189 173
189 174
189 175
189 176
190 176
190 177
191 177
191 178
192 178
192 179
192 180
193 180
194 180
195 180
196 180
197 180
198 180
199 180
200 180
200 181
201 181
202 181
202 182
202 183
202 184
203 184
204 184
205 184
206 184
206 185
207 185
207 186
208 186
209 186
209 187
210 187
211 187
211 188
211 189
211 190
212 190
213 190
214 190
214 191
215 191
216 191
217 191
217 192
217 193
218 193
218 194
218 195
219 195
220 195
221 195
221 196
221 197
222 197
222 198
223 198
223 199
224 199
224 200
224 201
224 202
224 203
224 204
224 205
224 206
225 206
225 207
225 208
225 209
226 209
227 209
228 209
228 210
228 211
229 211
229 212
229 213
230 213
230 214
230 215
230 216
230 217
231 217
232 217
233 217
233 218
233 219
233 220
234 220
235 220
235 221
235 222
235 223
235 224
235 225
235 226
235 227
236 227
237 227
238 227
239 227
239 228
239 229
239 230
239 231
240 231
240 232
240 233
241 233
242 233
243 233
243 234
244 234
245 234
245 235
246 235
246 236
247 236
248 236
248 237
249 237
249 238
250 238
251 238
252 238
253 238
254 238
255 238
256 238
256 239
257 239
258 239
259 239
259 240
259 241
260 241
260 242
260 243
261 243
261 244
261 245
262 245
262 246
262 247
262 248
262 249
262 250
262 251
263 251
263 252
263 253
263 254
263 255
264 255
265 255
266 255
267 255
268 255
269 255
269 256
270 256
271 256
272 256
273 256
273 257
273 258
274 258
275 258
276 258
276 259
277 259
277 260
278 260
278 261
279 261
280 261
280 262
280 263
281 263
282 263
283 263
283 264
284 264
285 264
285 265
286 265
287 265
287 266
288 266
289 266
290 266
290 267
290 268
291 268
292 268
292 269
292 270
293 270
293 271
293 272
294 272
295 272
296 272
296 273
296 274
297 274
297 275
297 276
298 276
299 276
299 277
300 277
301 277
301 278
302 278
303 278
304 278
304 279
305 279
305 280
305 281
305 282
306 282
306 283
306 284
306 285
306 286
307 286
307 287
308 287
309 287
309 288
310 288
311 288
311 289
311 290
311 291
312 291
313 291
313 292
313 293
314 293
314 294
314 295
314 296
315 296
316 296
317 296
317 297
318 297
318 298
318 299
318 300
319 300
320 300
321 300
321 301
321 302
321 303
322 303
323 303
323 304
323 305
323 306
323 307
324 307
325 307
326 307
327 307
328 307
329 307
329 308
329 309
329 310
329 311
330 311
331 311
332 311
332 312
332 313
332 314
332 315
333 315
334 315
335 315
336 315
336 316
336 317
337 317
338 317
339 317
340 317
341 317
341 318
342 318
343 318
343 319
343 320
344 320
345 320
345 321
346 321
347 321
347 322
348 322
348 323
349 323
350 323
351 323
351 324
351 325
351 326
352 326
353 326
353 327
353 328
354 328
354 329
354 330
354 331
355 331
355 332
355 333
356 333
357 333
357 334
357 335
358 335
358 336
359 336
359 337
360 337
361 337
361 338
361 339
361 340
361 341
361 342
361 343
362 343
363 343
363 344
363 345
363 346
364 346
365 346
366 346
367 346
368 346
369 346
370 346
371 346
372 346
373 346
374 346
374 347
375 347
375 348
376 348
377 348
378 348
379 348
379 349
379 350
380 350
381 350
382 350
383 350
384 350
384 351
385 351
386 351
387 351
388 351
389 351
389 352
389 353
390 353
391 353
392 353
393 353
394 353
395 353
395 354
396 354
397 354
398 354
399 354
399 355
400 355
401 355
402 355
403 355
404 355
405 355
406 355
406 356
406 357
407 357
408 357
409 357
409 358
409 359
409 360
409 361
409 362
410 362
410 363
411 363
411 364
412 364
412 365
412 366
412 367
412 368
412 369
412 370
413 370
414 370
414 371
414 372
415 372
415 373
415 374
415 375
416 375
417 375
418 375
418 376
419 376
420 376
420 377
421 377
422 377
423 377
423 378
423 379
424 379
425 379
425 380
425 381
425 382
425 383
425 384
426 384
427 384
427 385
428 385
429 385
429 386
430 386
431 386
432 386
433 386
434 386
434 387
435 387
436 387
436 388
437 388
438 388
439 388
439 389
440 389
441 389
441 390
442 390
443 390
443 391
444 391
445 391
446 391
447 391
448 391
448 392
449 392
449 393
450 393
451 393
452 393
452 394
452 395
452 396
453 396
454 396
454 397
455 397
456 397
457 397
457 398
457 399
458 399
459 399
459 400
460 400
461 400
461 401
461 402
461 403
462 403
463 403
464 403
464 404
465 404
465 405
466 405
466 406
467 406
467 407
468 407
469 407
470 407
471 407
471 408
471 409
472 409
473 409
473 410
473 411
474 411
474 412
474 413
475 413
476 413
477 413
477 414
478 414
478 415
479 415
479 416
480 416
481 416
482 416
482 417
482 418
483 418
484 418
484 419
485 419
486 419
486 420
486 421
486 422
487 422
488 422
488 423
488 424
488 425
489 425
490 425
490 426
490 427
491 427
491 428
491 429
491 430
491 431
491 432
491 433
492 433
493 433
493 434
493 435
493 436
494 436
494 437
494 438
494 439
494 440
494 441
494 442
494 443
494 444
495 444
496 444
497 444
498 444
499 444
499 445
500 445
501 445
502 445
502 446
503 446
503 447
504 447
505 447
506 447
507 447
507 448
507 449
508 449
508 450
509 450
510 450
511 450
511 451
511 452
511 453
512 453
513 453
514 453
515 453
516 453
517 453
518 453
518 454
518 455
518 456
519 456
520 456
521 456
521 457
521 458
522 458
522 459
523 459
523 460
524 460
524 461
525 461
526 461
527 461
527 462
527 463
527 464
527 465
528 465
529 465
530 465
531 465
531 466
531 467
532 467
532 468
533 468
533 469
534 469
534 470
534 471
535 471
536 471
537 471
538 471
539 471
540 471
541 471
542 471
543 471
544 471
544 472
544 473
544 474
545 474
545 475
546 475
547 475
548 475
549 475
550 475
550 476
551 476
551 477
552 477
553 477
554 477
554 478
554 479
555 479
555 480
556 480
556 481
